14739217
1436848
26250257
559554
79493
3271855
138389
41995
453214
4498
1667069
63555
1835752
651090
10410
363127
580773
1132508
47263
7552
765527
4819
336359
3442370
56427
10136200
53556
299260
451990
420410
50108
1830997
3402984
33531016
73177
15145283
140167
404128
66831
12280354
1347389
6566113
42046
17936
2274223
12012549
5251230
27340
209137
526687
485953
18273
2250610
17980
1009437
46790
3688324
2835857
1618289
112611
12991100
2809551
2279081
35228
41828
1313409
31286
11966723
129080
220365
28727
22884
38090
499194
152863
730011
109716
8055757
476151
1473909
836116
4542229
3093239
8007356
1445904
36246
65237
228150
60958
406382
194427
652450
1525531
17111
19721
10704
3040243
551795
204563
79465
623167
32078
42641
3450706
5673988
291684
1125328
1364902
22244
111841
6343815
33701
8348654
2475611
338550
156103
57235
1207063
2162798
388707
5306841
426593
2560653
8707
155144
1497991
17485
4913942
316734
585286
129976
7935195
9976050
13058
10706
136544
8847863
6162
17382
79030
2500753
818923
27725
31520
2533741
8641
16211
2094616
15780
11145
45142
8639
19856
342573
5345251
146637
9414799
2683285
1763673
7486072
769367
14051315
2399572
103481
219909
28813050
2773
947197
326040
1702482
279906
424049
2704418
404623
4502654
4603058
20680924
57046
87644
690231
609665
15127
1096790
192172
9514480
41885
53817494
72562
41767070
330652
849356
1817269
52589
176958
151956
88324
7765315
29012
2614622
37920
100119
24583813
1949707
3352
22191138
45677
24475110
3444848
292615
23853363
460404
748482
253840
50564
12692
184158
14772978
1752047
15843
207483
6942681
9032154
104182
41145
10144076
14819
2952704
28467
1030777
430844
6636
5647
1232567
4687699
2146271
24835793
47465
356313
24200
91530
30920
244895
839966
81053
12910707
4261123
10007388
9232
48202
2069294
